gps_waypoint_follower:
  ros__parameters:
    number_of_gps_waypoints: 30
    #long, lat, alt  =  0.6338827330619097
    gps_waypoint0: [-2.263097140589225e-08, -3.362884290260419e-05, 0.6342230932787061]
    gps_waypoint1: [-5.88445328989623e-08, -8.854168442669975e-05, 0.634228971786797]
    gps_waypoint2: [-8.401593503376237e-08, -0.0001260507704191531, 0.6342366030439734]
    gps_waypoint3: [-1.5119029095705861e-05, -0.00017085240798748728, 0.6343228798359632]
    gps_waypoint4: [-5.5533304225340664e-05, -0.00022202050093127968, 0.6342789707705379]
    gps_waypoint5: [-0.00011934284522280326, -0.00024864146666783363, 0.634503205306828]

