gps_waypoint_follower:
  ros__parameters:
    number_of_gps_waypoints: 30
    #long, lat, alt  =  0.6338827330619097
    gps_waypoint0: [-1.4566604408280842e-09, -3.2968434291886005e-09, 0.634370431303978]
    gps_waypoint1: [-1.4566604408280842e-09, -3.2968434291886005e-09, 0.634370431303978]
    gps_waypoint2: [-4.134477458013909e-05, 2.2956345132094433e-09, 0.633999103680253]
    gps_waypoint3: [-5.511563013420825e-05, -1.6884286860106772e-09, 0.6340432204306126]
    gps_waypoint4: [-7.623128556567143e-05, -1.1618924887707071e-08, 0.634604649618268]
    gps_waypoint5: [-0.0001065982971092584, -2.1313649930703046e-08, 0.6345551125705242]
    gps_waypoint6: [-0.000139190134977189, -4.031090783815772e-08, 0.6344384551048279]
    gps_waypoint7: [-0.00017228833385711027, -6.803101360589584e-08, 0.6345771159976721]
    gps_waypoint8: [-0.0001927608068262899, -8.386650248578928e-08, 0.6348425149917603]
    gps_waypoint9: [-0.0002466227251761641, 1.9991190772590974e-05, 0.634882147423923]
    gps_waypoint10: [-0.00023894873459616567, 5.5061317437472826e-05, 0.6346965488046408]
    gps_waypoint11: [-0.0002110451611215218, 6.363469592092471e-05, 0.6348324930295348]
    gps_waypoint12: [-0.00015829812248534486, 6.467387992644424e-05, 0.6348377047106624]
    gps_waypoint13: [-0.00013981598895876368, 6.493351885806385e-05, 0.6347461296245456]
    gps_waypoint14: [-0.00012565896534851712, 6.509594219390739e-05, 0.6347813783213496]
    gps_waypoint15: [-9.611562634793588e-05, 6.534948735769898e-05, 0.6343673337250948]
    gps_waypoint16: [-7.272022944292893e-05, 6.547200413186996e-05, 0.6346515715122223]
    gps_waypoint17: [-5.702553472373139e-05, 6.55131178539517e-05, 0.6348246997222304]
    gps_waypoint18: [-2.9015382686597305e-05, 6.552026544665466e-05, 0.6346983797848225]
    gps_waypoint19: [-6.857334331245971e-06, 6.546978217762633e-05, 0.6343832146376371]
    gps_waypoint20: [6.994336819163745e-06, 6.540881898089785e-05, 0.6345591172575951]
    gps_waypoint21: [2.2382504682120503e-05, 6.531890369530737e-05, 0.6345323380082846]
    gps_waypoint22: [2.2382504682120503e-05, 6.531890369530737e-05, 0.6345323380082846]
    gps_waypoint23: [6.162150715704196e-05, 5.806949103961381e-05, 0.6343372073024511]
    gps_waypoint24: [6.371599610209707e-05, 4.600376989933098e-05, 0.6343936249613762]
    gps_waypoint25: [5.563636073930934e-05, 3.436323167602427e-05, 0.634359092451632]
    gps_waypoint26: [4.350170164761179e-05, 2.0087488495821318e-05, 0.6343795480206609]
    gps_waypoint27: [3.2431139886949485e-05, 1.4319722932728458e-05, 0.6342959869652987]
    gps_waypoint28: [2.1669279433887984e-05, 8.764343501614366e-06, 0.6343964701518416]
    gps_waypoint29: [5.766165363556027e-06, 5.638578607360758e-07, 0.6347275078296661]


