gps_waypoint_follower_client:
  ros__parameters:
    number_of_gps_waypoints: 15
    #long, lat, alt  =  0.6338827330619097
    gps_waypoint0: [-3.586184302473625e-06, -0.00019166257515315294, 23.953664638102055]
    gps_waypoint1: [-3.586184302473625e-06, -0.00019166257515315294, 23.953664638102055]
    gps_waypoint2: [-8.175762975433011e-06, -0.0002697165028038861, 22.598280312493443]
    gps_waypoint3: [-1.1537063949166715e-05, -0.0003307226789614026, 21.534960967488587]
    gps_waypoint4: [-1.3951518528124092e-05, -0.0003774458092649677, 20.717783335596323]
    gps_waypoint5: [-1.6097139429483945e-05, -0.000421325989501408, 19.97329786606133]
    gps_waypoint6: [-1.8978493825621495e-05, -0.0004909211204290019, 19.045926002785563]
    gps_waypoint7: [-1.6870613019527545e-05, -0.0005428842982114957, 17.827203203924]
    gps_waypoint8: [-7.138902360769043e-05, -0.0005549527352402976, 16.892723126336932]
    gps_waypoint9: [-0.00015576962880401623, -0.0004741462968646828, 16.811717220582068]
    gps_waypoint10: [-0.00016439937530874003, -0.000436537273195535, 17.206163363531232]
    gps_waypoint11: [-0.00016608517590502116, -0.0004299759625170073, 17.27244329918176]
    gps_waypoint12: [-0.00016608517590502116, -0.0004299759625170073, 17.27244329918176]
    gps_waypoint13: [-0.00019105725823672417, -0.00016498054233756584, 21.020609970204532]
    gps_waypoint14: [-5.309645304748724e-05, -0.00013222323947424336, 23.909802028909326]
