gps_waypoint_follower_client:
  ros__parameters:
    number_of_gps_waypoints: 5
    #long, lat, alt  =  0.6338827330619097
    gps_waypoint0: [2.7129423623621398e-05, 1.3477506020704073e-05, 0.63422290235757]
    gps_waypoint1: [5.163356882674228e-06, 1.3459521001704188e-05, 0.63434540573507]
    gps_waypoint2: [2.0092891064288436e-05, 1.3447758302322314e-05, 0.63456609193235]
    gps_waypoint3: [4.692817100891902e-05, 1.3444312050527711e-05, 0.6346267154440284]
    gps_waypoint4: [7.910661257462869e-05, 1.3471027379192138e-05, 0.6345731057226658]






