gps_waypoint_follower_client:
  ros__parameters:
    number_of_gps_waypoints: 4
    #long, lat, alt  =  0.6338827330619097
    gps_waypoint0: [3.2888678921681075e-05, 1.2936782043921002e-05, 0.6344928154721856]
    gps_waypoint1: [0.00010530115388355905, 1.3317403768664418e-05, 0.6346028633415699]
    gps_waypoint2: [5.3237835412246744e-05, 1.172666612335591e-05, 0.6342465318739414]
    gps_waypoint3: [1.3360489357864717e-05, 1.2213197638179861e-05, 0.6344511695206165]






