gps_waypoint_follower_client:
  ros__parameters:
    number_of_gps_waypoints: 6
    #long, lat, alt  =  0.6338827330619097
    gps_waypoint0: [49.899954067243776, 8.899896379691963, 0.6342220147844688] 
    gps_waypoint1: [49.899954067243776, 8.899896379691963, 0.6342220147844688] 
    gps_waypoint2: [49.89995840236101, 8.899686301168387, 0.6345273146153046] 
    gps_waypoint3: [49.8999584028529, 8.899686298680274, 0.6343413409818964] 
    gps_waypoint4: [49.900074592774956, 8.900023295448744, 0.6343821757248683] 
    gps_waypoint5: [49.90007459349069, 8.900023294365628, 0.6342721601780391]







